

2026.02.23 #1:
Best sequences found in 3230925 iterations:

Best for finding 2 goods:
  Sequence: [(0, 1), (2, 3), (6, 7), (3, 5), (2, 5), (0, 4), (1, 4), (1, 3), (0, 3), (1, 2), (1, 6), (1, 5), (2, 7), (5, 6), (4, 6), (5, 7), (3, 6), (0, 7), (2, 4), (4, 7), (3, 7), (0, 5), (1, 7), (0, 2), (4, 5), (0, 6), (3, 4), (2, 6)]
  Score: 3.3143
  Mean=3.31, Median=3.0, Min=1, Max=7, Not found=0

Best for finding 3 goods:
  Sequence: [(0, 1), (1, 7), (1, 3), (2, 6), (4, 6), (2, 5), (4, 5), (3, 7), (0, 7), (2, 4), (0, 3), (6, 7), (1, 5), (3, 5), (1, 6), (0, 2), (0, 4), (0, 6), (1, 4), (3, 4), (5, 6), (4, 7), (0, 5), (2, 3), (2, 7), (1, 2), (5, 7), (3, 6)]
  Score: 7.0000
  Mean=7.00, Median=7.0, Min=2, Max=14, Not found=0

Best for finding 4 goods:
  Sequence: [(0, 1), (0, 7), (3, 7), (0, 6), (0, 4), (0, 5), (2, 3), (0, 2), (1, 6), (3, 5), (3, 4), (3, 6), (1, 5), (2, 6), (1, 7), (2, 4), (4, 5), (1, 4), (4, 6), (4, 7), (6, 7), (2, 7), (0, 3), (1, 2), (1, 3), (5, 6), (5, 7), (2, 5)]
  Score: 10.8857
  Mean=10.89, Median=10.0, Min=3, Max=26, Not found=0


2026.02.23 #2:
Best for finding 2 goods:
  Sequence: [(0, 1), (3, 7), (2, 4), (0, 5), (1, 5), (4, 6), (2, 6), (0, 2), (3, 4), (4, 5), (2, 3), (2, 7), (1, 4), (5, 7), (0, 6), (3, 6), (0, 7), (5, 6), (3, 5), (0, 3), (4, 7), (6, 7), (1, 6), (1, 2), (1, 3), (1, 7), (0, 4), (2, 5)]
  Score: 3.3143
  Mean=3.3143, Median=3.0, Min=1, Max=7, Not found=0

Best for finding 3 goods:
  Sequence: [(0, 1), (1, 4), (1, 3), (1, 6), (2, 7), (2, 5), (2, 6), (0, 4), (0, 3), (0, 6), (5, 7), (3, 4), (6, 7), (4, 7), (3, 5), (4, 5), (3, 7), (2, 4), (1, 7), (1, 5), (4, 6), (0, 5), (0, 2), (5, 6), (1, 2), (0, 7), (2, 3), (3, 6)]
  Score: 7.0286
  Mean=7.0286, Median=6.5, Min=2, Max=15, Not found=0

Best for finding 4 goods:
  Sequence: [(0, 1), (1, 4), (1, 6), (1, 7), (1, 3), (1, 2), (2, 5), (5, 6), (5, 7), (4, 5), (0, 5), (0, 3), (3, 5), (0, 6), (3, 6), (4, 7), (2, 3), (2, 4), (6, 7), (2, 6), (3, 4), (2, 7), (1, 5), (0, 4), (4, 6), (0, 2), (3, 7), (0, 7)]
  Score: 10.5857
  Mean=10.5857, Median=10.0, Min=3, Max=24, Not found=0
